3
8
1 2
3 5 6 3
2 7 4
2 3 8 
2 1 6
1 7
2 6 8
1 8
6
2 3 5
4 2 3 4 5
1 4
1 3
2 1 6
1 5
677
26 81 130 171 198 214 219 241 326 352 354 355 365 380 402 435 457 492 496 514 596 598 611 619 627 644 648
6 30 196 310 459 492 671
25 9 26 55 56 89 126 158 159 165 189 225 278 298 306 330 386 391 494 500 506 527 536 547 594 614
14 7 52 88 96 176 190 212 279 289 327 352 441 496 668
20 30 38 91 117 165 172 240 260 332 370 416 449 483 549 561 564 587 601 608 643
12 89 99 115 180 192 222 279 362 496 541 552 639
21 8 68 96 144 147 154 180 190 224 245 267 343 368 385 393 403 472 532 567 619 652
20 53 75 82 88 125 161 203 227 343 425 433 445 485 489 495 545 560 625 639 645
5 102 207 279 435 622
12 116 164 198 402 486 501 553 566 600 613 618 640
1 529
0
27 34 53 76 92 108 118 170 217 218 222 239 265 295 300 301 319 351 352 406 411 449 479 520 537 542 561 625
28 13 21 22 32 46 47 163 190 197 232 242 259 272 291 353 360 370 476 490 493 526 594 598 609 613 621 626 629
9 39 68 157 231 237 437 615 622 643
27 61 64 112 113 130 132 168 185 233 240 269 300 325 332 390 391 394 420 504 520 560 580 583 610 618 650 661
18 1 44 50 67 116 181 231 235 324 360 385 390 420 431 574 603 650 667
11 104 150 170 186 261 314 469 548 603 618 655
5 3 138 348 395 471
8 26 139 215 271 362 463 494 571
3 66 206 640
16 26 28 45 77 100 122 130 177 247 262 446 466 565 566 569 667
4 368 395 411 579
0
0
4 98 100 593 602
8 56 77 145 167 197 201 459 540
19 34 50 68 80 123 141 175 190 289 299 335 424 498 520 537 550 592 619 664
12 22 231 233 349 397 432 487 515 529 625 659 664
26 3 6 15 47 77 108 227 299 330 393 410 487 501 514 524 529 553 554 555 556 566 577 578 608 621 646
29 33 51 65 82 114 119 154 156 202 223 229 239 282 288 315 342 363 366 367 391 510 522 540 550 565 573 601 636 662
19 22 34 166 177 178 256 304 380 408 409 425 460 485 507 543 558 582 611 626
22 35 154 178 183 185 222 244 254 280 309 367 411 464 479 492 503 521 553 575 623 649 654
11 88 293 456 485 500 513 522 525 531 553 664
25 44 88 91 104 115 152 213 219 230 235 297 311 324 328 377 381 417 424 495 544 559 560 564 594 620
31 12 26 33 37 68 78 80 93 99 100 110 113 128 140 167 221 257 278 288 303 329 386 418 451 453 496 556 599 606 614 646
9 87 112 249 276 396 447 594 629 642
33 3 5 23 54 57 72 89 107 130 153 178 187 188 202 214 257 327 348 353 356 362 403 457 497 520 534 538 587 604 608 638 642 667
8 209 299 327 336 368 415 487 669
12 32 99 218 246 346 355 447 492 521 539 550 614
7 63 96 127 143 267 326 384
37 18 40 42 47 48 71 72 91 92 95 115 147 156 166 214 230 233 249 250 321 332 334 369 389 390 424 452 471 504 508 529 558 601 609 610 611 613
2 101 528
15 10 67 69 83 168 195 203 215 262 373 393 428 467 517 569
2 537 653
5 251 258 453 463 473
14 139 262 307 325 372 378 421 490 561 577 607 636 653 661
15 4 24 117 122 123 156 177 409 416 465 468 511 575 632 669
8 35 150 343 391 537 541 552 613
12 36 62 76 140 202 254 271 272 317 358 443 620
24 30 88 127 139 147 180 206 213 224 256 306 310 311 321 334 364 371 383 530 537 563 615 638 665
10 81 103 116 303 306 369 374 388 531 611
12 27 136 256 336 361 364 385 439 468 488 543 662
22 55 108 127 160 186 264 266 269 353 362 363 389 428 449 508 532 541 573 600 621 624 633
27 184 186 197 214 217 259 301 310 330 349 355 398 417 438 458 466 470 492 513 543 558 570 587 597 653 655 673
22 29 34 38 93 137 148 183 199 272 281 306 312 315 344 347 381 390 445 448 481 498 554
14 35 46 60 91 150 289 360 382 388 419 475 642 643 670
2 113 482
17 51 102 127 158 180 280 311 425 430 458 487 494 516 535 570 624 675
14 39 49 106 157 167 199 230 243 260 283 542 546 587 622
10 21 41 122 162 195 205 391 426 541 542
11 90 105 121 264 419 420 476 531 563 577 580
16 27 31 36 86 110 148 337 342 359 380 392 413 446 478 492 651
25 31 54 59 78 110 115 124 132 194 204 279 284 289 291 349 391 428 429 465 494 517 608 627 631 645
9 32 195 223 292 394 419 420 464 675
11 100 250 307 310 336 351 356 490 534 624 645
11 73 85 147 194 203 255 293 342 440 467 527
14 33 88 136 238 247 310 363 368 480 483 543 551 563 618
8 32 199 240 372 442 461 484 498
21 32 52 83 87 101 126 134 192 206 310 314 382 437 440 487 532 570 587 627 631 658
10 46 77 116 156 435 438 473 482 513 553
10 24 254 338 380 384 485 572 614 618 654
19 5 17 69 70 75 173 193 213 238 267 272 298 309 377 379 459 475 506 610
16 6 7 23 67 122 214 229 306 330 334 378 400 443 475 547 674
14 25 135 155 204 211 308 367 393 424 498 511 529 576 580
22 38 87 103 157 172 187 236 247 259 319 354 381 389 482 496 516 528 567 597 605 627 644
8 203 213 233 282 355 388 549 657
17 33 42 46 77 88 130 211 258 323 362 417 442 443 445 492 504 580
6 6 9 84 121 465 593
0
20 6 50 61 69 80 115 156 265 269 271 276 288 307 311 327 378 418 450 485 514
25 6 13 15 63 75 133 186 201 237 269 285 320 338 361 365 387 471 495 499 520 544 627 639 641 659
26 53 81 95 109 121 129 161 248 272 281 290 311 317 326 408 419 478 484 501 506 531 540 586 606 627 646
2 259 309
26 48 66 89 108 126 168 175 197 209 226 234 240 242 246 329 330 341 356 425 458 460 570 629 634 646 653
9 102 142 173 264 275 295 367 585 613
16 10 14 43 45 92 172 195 220 277 307 432 438 441 495 553 646
26 18 21 24 27 59 61 81 93 120 121 125 134 185 186 207 243 269 272 352 413 465 482 541 585 587 655
25 11 68 72 73 74 99 108 131 132 183 228 288 342 425 505 517 527 562 573 578 599 602 603 617 660
2 20 491
7 130 143 177 271 296 481 673
12 74 261 288 392 394 434 475 489 562 588 604 651
25 12 99 136 165 172 196 197 218 231 240 293 295 324 348 351 396 432 443 463 473 493 511 522 547 666
14 157 196 216 359 428 463 488 511 598 620 630 640 664 673
23 16 30 72 76 105 122 156 162 201 221 226 299 301 324 326 365 370 379 414 425 494 499 500
21 41 43 48 66 121 277 294 298 324 336 351 355 415 444 468 491 499 503 614 629 661
28 10 76 114 125 130 154 168 243 246 252 263 297 313 325 333 336 344 359 388 465 467 499 502 514 528 565 637 658
0
3 97 217 614
16 41 73 124 141 163 198 227 265 314 339 406 436 437 441 492 521
17 4 30 75 141 155 205 218 251 271 285 295 312 377 424 439 539 657
5 70 308 379 472 655
4 294 412 533 578
29 23 47 55 74 173 280 356 396 397 441 452 481 502 506 514 520 521 555 570 582 599 609 612 618 638 651 656 667 676
9 107 121 138 155 237 238 274 477 506
29 28 74 92 127 128 138 142 146 189 244 272 274 275 317 352 426 451 454 456 530 539 541 543 548 552 571 590 618 642
8 133 189 228 240 255 376 618 643
18 43 102 142 162 166 269 354 363 385 444 470 472 512 592 605 641 646 663
24 21 53 68 92 104 108 128 141 173 199 225 226 245 305 332 374 469 475 520 528 532 568 574 577
26 29 88 181 195 222 229 236 247 277 356 359 367 395 411 416 419 450 470 506 527 565 577 615 628 668 674
11 91 131 218 329 332 339 380 460 484 610 638
11 62 158 184 191 244 251 289 428 545 578 619
17 15 38 83 97 130 177 188 207 231 346 362 459 472 490 493 591 626
1 12
15 83 100 107 130 206 284 398 461 510 539 562 623 666 668 672
18 66 89 213 234 250 272 279 291 343 367 377 399 471 495 538 557 624 642
12 61 90 128 154 156 268 432 443 526 549 556 574
3 189 569 660
7 171 303 370 373 566 610 661
6 31 144 174 215 405 542
40 28 29 36 41 63 73 87 97 110 122 129 146 176 193 262 292 302 334 338 342 348 349 350 352 353 354 385 389 429 444 455 489 497 509 525 570 617 621 665 677
23 8 33 37 100 114 125 152 177 208 237 249 254 272 324 346 397 462 535 583 586 596 608 659
17 13 159 166 228 256 270 274 318 321 357 361 395 450 471 565 589 624
27 38 42 46 70 102 128 141 243 268 297 347 364 371 425 430 460 463 469 481 527 549 572 580 611 643 659 668
10 9 30 66 90 96 176 438 484 492 638
4 103 106 199 450
11 2 113 215 241 326 373 382 402 477 600 641
30 34 36 94 100 102 165 182 203 252 260 267 290 305 312 348 353 370 377 412 441 503 538 561 581 596 602 603 638 650 665
23 24 50 60 125 143 163 203 286 321 351 389 394 422 438 476 477 480 481 583 589 624 646 659
28 45 123 140 164 209 211 241 258 262 311 312 334 343 362 370 371 410 414 420 474 489 524 539 564 588 612 617 620
22 63 69 77 131 133 136 179 189 203 250 251 272 284 306 368 409 454 459 504 513 543 578
17 1 3 31 40 66 156 158 165 183 197 232 233 407 456 553 665 666
8 80 101 113 195 225 577 618 675
6 294 381 417 421 435 547
5 125 317 423 534 579
22 70 72 76 94 109 129 152 205 248 250 297 340 355 358 377 457 475 482 512 594 627 655
10 90 265 448 510 536 538 578 589 672 674
16 76 85 106 127 132 160 175 190 256 332 390 493 525 559 595 654
15 26 45 76 88 93 174 241 243 262 306 422 435 485 572 631
15 31 48 92 150 254 260 284 289 320 333 349 368 519 595 642
15 43 68 126 197 268 300 313 327 361 450 459 460 578 642 646
21 3 26 59 92 100 168 190 216 237 251 253 254 260 304 335 548 576 577 620 637 661
14 36 142 168 171 206 212 215 244 264 272 414 510 557 661
2 22 273
24 15 24 26 113 151 241 314 318 364 382 407 411 414 424 428 440 445 460 486 494 524 596 626 652
22 42 54 93 124 134 163 223 242 251 280 304 338 349 353 371 418 438 448 519 555 561 641
4 104 345 405 436
11 73 75 264 349 397 418 521 545 572 616 625
3 369 487 676
20 3 19 67 104 107 108 235 256 263 278 291 414 474 521 524 595 643 645 655 667
14 41 121 175 233 275 491 571 594 621 637 648 650 655 663
11 63 165 190 204 224 243 337 415 474 489 621
15 33 80 104 114 152 174 210 229 317 319 418 562 589 646 653
7 80 192 384 437 523 585 588
1 138
10 49 60 61 160 221 410 426 576 620 621
15 31 87 98 137 158 165 230 272 304 348 444 483 489 549 670
14 90 93 202 229 256 277 343 356 485 504 553 601 633 644
13 2 23 32 67 151 299 434 473 495 526 567 620 665
10 51 95 242 433 437 488 593 617 624 643
10 42 86 99 220 334 344 352 378 389 666
19 9 25 59 71 97 107 173 178 272 298 339 383 394 398 518 541 605 626 632
7 159 204 472 480 493 517 572
16 3 44 97 179 329 357 368 454 462 503 508 565 608 612 620 651
3 375 450 481
15 59 81 87 114 130 131 161 235 269 303 312 536 577 635 670
15 55 130 140 169 252 304 413 445 464 478 488 551 592 656 659
11 26 80 191 229 242 243 430 477 490 561 671
10 124 160 250 290 433 507 612 636 672 676
24 48 72 127 141 146 161 200 220 230 241 250 270 281 288 291 294 296 326 355 397 398 501 607 669
14 183 222 244 276 302 394 401 497 548 564 583 593 662 663
5 3 228 483 491 496
15 72 77 116 121 123 170 171 187 189 239 344 354 380 436 591
18 14 83 93 119 142 152 206 238 273 286 288 323 465 467 481 535 574 673
0
2 508 539
2 477 600
22 2 40 46 151 165 195 302 311 330 339 358 377 424 429 445 459 493 512 547 573 632 652
13 49 195 226 301 308 396 465 481 549 571 583 650 671
27 24 31 42 44 89 90 118 178 182 186 195 254 264 304 332 374 405 410 412 425 467 498 532 556 564 628 649
25 2 25 67 134 190 202 316 318 441 474 478 480 490 553 572 579 602 606 611 617 640 641 646 660 670
24 33 111 167 194 195 215 247 280 288 309 354 394 438 456 471 479 488 495 541 557 560 639 645 656
9 54 224 304 311 455 561 581 600 616
27 75 99 120 153 219 228 230 249 285 313 326 327 362 368 388 423 432 437 474 506 516 554 619 627 635 643 647
16 67 102 204 213 222 276 339 345 379 405 415 500 556 580 595 638
35 3 6 22 49 58 78 86 123 125 174 226 257 271 282 297 298 306 320 349 356 385 402 444 481 482 491 501 513 555 563 574 601 611 618 652
20 4 78 152 158 203 249 320 362 386 411 438 475 508 512 550 562 564 631 640 669
4 173 337 391 620
6 79 134 177 257 312 578
26 75 76 77 107 112 118 129 133 210 220 227 264 306 417 469 478 495 513 514 558 582 596 601 625 635 637
2 25 543
10 9 68 271 276 341 428 481 482 561 566
10 256 514 522 558 564 588 601 614 627 637
9 62 272 421 447 448 469 490 634 638
18 86 95 128 138 203 206 215 256 302 347 391 412 468 470 492 541 585 594
2 468 631
5 367 430 480 607 643
13 77 87 91 232 275 356 407 408 494 517 581 617 653
12 130 290 329 425 434 436 474 480 527 533 549 625
16 102 194 217 221 242 249 250 298 329 420 434 446 501 540 618 644
17 6 44 50 58 94 111 125 150 230 294 371 415 428 526 594 597 654
1 600
27 3 38 60 109 149 223 261 271 322 351 371 388 394 400 405 407 449 461 481 502 532 572 592 644 649 665 670
23 30 45 67 85 100 164 178 204 243 260 272 311 319 340 409 416 469 491 500 540 598 618 656
4 122 288 509 659
14 11 30 52 66 154 245 394 396 399 474 501 526 634 652
5 210 453 502 530 554
15 129 190 250 252 257 289 294 307 329 402 421 458 480 532 574
5 170 344 383 504 567
6 117 337 364 413 439 619
15 40 121 177 196 198 222 250 251 299 338 363 378 380 519 613
8 109 152 172 271 334 346 552 576
15 34 43 76 125 131 139 217 285 319 339 403 456 548 556 585
12 134 207 247 263 277 278 402 426 438 443 593 670
1 553
22 42 72 111 113 183 199 210 259 273 293 299 307 381 408 440 456 542 572 601 610 613 628
6 257 262 294 533 585 587
18 2 74 193 221 284 320 350 476 520 545 561 567 585 587 593 665 669 673
0
12 33 45 176 328 365 373 434 440 503 543 575 607
18 15 156 185 189 250 289 301 310 346 400 421 473 555 563 604 617 625 658
8 102 105 157 220 417 418 486 604
14 7 12 22 38 106 204 309 360 407 428 429 503 526 584
0
17 15 32 94 156 195 235 323 392 449 467 468 487 528 599 621 627 654
16 35 51 105 137 185 240 319 327 346 373 449 500 521 544 591 659
10 122 193 249 291 428 441 487 495 543 626
17 7 41 54 90 128 177 247 267 280 357 377 397 429 471 521 585 676
5 97 155 201 288 420
16 26 93 129 133 167 215 296 343 385 410 449 450 458 512 572 658
10 69 72 207 276 303 320 322 473 503 535
8 263 365 373 375 418 525 546 549
8 81 140 169 189 195 283 383 561
17 33 49 149 163 208 266 289 292 296 323 370 405 406 423 503 530 535
0
15 36 100 104 128 222 239 355 365 372 388 451 463 533 578 597
22 7 45 125 215 225 231 252 272 278 300 331 341 345 352 357 417 479 493 553 566 643 666
3 213 508 578
1 294
17 17 35 61 80 86 168 223 247 252 256 277 327 542 554 581 582 665
30 3 59 68 69 131 168 185 224 241 242 288 291 292 310 316 332 391 431 438 447 450 478 501 511 539 545 552 555 556 576
21 40 42 45 56 61 70 111 194 323 347 377 385 394 409 416 486 487 545 554 605 677
19 19 185 209 265 309 333 349 385 395 417 445 459 469 545 547 588 613 638 675
29 4 21 57 84 88 98 142 154 162 175 176 203 220 233 260 261 267 298 330 402 486 547 562 607 657 664 667 668 674
17 80 153 215 241 288 297 308 328 460 465 468 477 504 507 528 623 676
28 21 33 60 78 92 99 107 112 113 121 159 167 203 238 243 252 300 320 321 357 360 424 426 433 437 511 591 647
15 2 103 142 149 164 190 435 509 534 546 571 609 610 639 662
11 24 175 192 296 299 396 406 410 577 583 645
11 9 161 170 227 274 296 424 427 534 586 635
17 22 74 167 176 185 228 288 331 347 381 426 442 451 476 489 560 578
2 237 478
6 85 417 487 618 655 663
3 24 598 604
5 57 238 395 398 613
14 93 117 118 170 215 298 323 351 372 400 446 453 519 552
4 49 132 169 184
19 65 66 124 166 236 249 283 293 299 363 397 433 435 524 554 568 597 663 667
17 13 36 74 119 262 293 319 344 366 410 445 508 531 547 580 602 626
1 57
27 16 17 184 193 214 224 229 262 264 305 361 364 365 418 427 464 487 503 523 529 539 542 562 595 596 605 636
16 32 72 154 159 238 273 303 348 392 438 451 497 618 622 650 654
1 81
12 30 35 57 97 163 189 271 303 484 584 601 677
14 8 56 71 86 138 150 198 207 308 440 534 592 615 673
1 495
8 5 110 178 493 534 545 551 562
8 11 12 164 246 327 593 664 666
4 182 190 192 459
2 41 626
3 31 93 460
19 1 47 65 79 122 126 225 237 253 364 391 491 495 498 532 568 610 629 665
21 45 52 71 97 106 153 166 206 292 419 428 431 444 448 458 492 621 623 659 667 675
22 16 18 22 43 75 106 121 153 168 257 274 330 494 499 507 514 522 553 567 574 606 616
0
7 35 47 161 441 482 489 589
3 31 45 279
20 18 55 98 177 209 266 275 276 279 302 330 365 394 448 474 592 632 638 654 669
29 1 27 30 37 70 81 116 144 199 202 224 281 321 355 364 388 390 392 431 441 452 492 497 498 593 645 647 653 671
35 32 58 71 73 74 107 142 147 166 179 190 230 234 252 315 316 321 326 343 391 443 471 492 497 536 553 571 574 593 594 599 612 662 664 667
10 24 54 59 175 403 441 489 531 553 627
20 20 28 42 46 56 82 147 157 164 222 238 323 347 348 397 426 448 462 479 483
31 5 21 38 47 72 76 84 94 110 120 184 188 192 295 296 368 399 474 486 487 521 525 557 611 629 635 639 646 673 674 676
5 354 432 510 532 617
1 226
0
25 35 53 58 66 71 106 176 210 215 243 281 349 357 403 407 424 428 481 487 504 516 578 602 640 647
2 230 533
19 11 24 45 99 119 163 186 208 266 267 281 301 401 423 424 455 464 583 646
9 278 291 414 442 458 465 612 659 665
25 56 72 165 172 231 265 270 305 323 384 392 395 407 423 425 442 468 471 487 495 513 537 541 545 602
14 25 247 270 286 287 331 356 357 362 436 455 549 624 658
1 499
13 124 157 158 235 237 277 393 395 451 491 492 541 664
25 24 45 48 53 85 130 162 206 214 259 266 268 274 349 502 520 543 561 573 604 613 615 634 637 668
1 526
18 4 31 43 82 112 155 198 237 321 326 328 366 408 468 492 568 651 658
6 15 145 258 463 602 620
31 30 52 69 74 177 187 200 217 251 265 266 272 285 289 303 318 362 400 401 413 414 451 462 475 492 543 556 558 577 639 651
19 22 56 133 145 176 183 190 198 219 298 301 338 354 462 534 553 593 611 614
14 7 13 143 200 316 350 391 403 412 467 486 527 601 612
13 14 20 70 79 104 111 201 349 581 594 619 626 661
11 43 86 91 227 330 369 407 457 585 596 625
5 319 326 555 556 629
1 360
19 9 72 78 137 202 254 312 323 362 407 441 462 472 477 486 513 550 571 579
18 38 56 103 133 164 200 223 275 369 440 457 541 582 584 585 642 665 677
16 37 55 73 96 129 245 268 324 361 382 395 492 494 557 610 636
22 34 45 70 112 136 141 142 174 204 246 288 295 351 374 441 469 487 498 597 630 663 671
3 160 497 515
12 107 177 208 217 238 269 273 277 495 501 632 639
1 100
8 66 211 255 266 372 373 460 667
16 5 70 101 132 191 232 383 412 417 443 498 504 517 558 582 668
19 9 66 125 142 146 178 293 336 352 415 422 454 499 500 519 542 553 588 615
14 73 177 182 226 303 374 413 472 550 579 594 609 622 653
2 67 452
10 233 303 316 491 492 522 533 594 618 645
9 183 222 239 247 321 397 526 573 590
0
14 95 101 134 136 164 187 222 290 392 420 484 630 640 654
8 77 210 234 312 385 392 595 659
19 39 120 152 168 191 206 246 310 311 313 329 370 477 511 523 527 544 545 609
7 111 227 244 258 431 445 603
23 54 85 156 164 168 169 177 183 223 244 274 347 362 392 412 440 470 473 543 578 589 608 654
20 13 28 73 86 88 145 179 196 226 281 343 350 354 425 447 449 480 570 583 603
2 160 356
9 88 150 200 238 268 316 330 641 665
16 34 47 114 142 175 183 209 240 273 313 359 364 391 539 559 634
16 11 19 81 102 109 156 194 338 418 434 456 500 513 537 603 610
15 71 76 142 151 161 218 228 238 254 277 404 525 534 558 604
29 13 47 95 103 111 179 201 286 287 294 305 306 309 342 346 361 366 378 443 465 498 510 511 541 562 573 593 614 663
16 26 44 104 108 110 282 287 351 359 400 418 565 589 604 635 675
8 166 259 472 482 485 490 604 605
24 6 17 79 160 236 261 276 310 317 335 361 374 410 460 464 473 486 530 556 588 653 655 663 665
12 29 260 373 384 523 573 601 605 625 641 649 677
19 38 40 109 115 120 235 302 347 376 403 404 423 437 469 505 554 585 650 670
18 23 60 179 218 242 249 252 318 319 381 431 471 486 617 621 624 665 670
22 9 18 79 81 157 166 167 193 203 254 296 308 340 355 508 528 534 545 613 656 668 674
10 48 90 99 101 102 208 225 458 503 584
28 4 26 57 59 68 69 176 199 233 255 256 258 274 276 285 299 300 335 352 399 461 525 540 544 552 594 605 642
25 12 33 42 119 133 185 188 229 262 278 286 346 377 396 399 470 529 540 569 589 596 626 635 656 665
4 175 261 437 482
18 22 24 85 129 230 239 247 289 304 329 385 412 526 528 594 595 596 641
21 25 46 69 71 78 82 169 175 193 209 296 302 385 541 568 572 588 600 670 671 677
25 59 132 144 195 276 284 293 315 319 330 353 368 371 455 479 493 509 514 518 557 575 615 623 662 666
21 12 21 88 115 163 173 246 248 272 330 342 346 360 375 406 411 426 441 505 646 674
6 52 263 283 293 296 548
3 133 281 337
3 256 301 651
22 16 49 77 89 114 130 184 214 271 333 335 392 397 407 507 508 514 528 573 590 596 611
30 7 30 34 71 78 80 104 163 176 216 222 246 261 333 359 379 396 408 415 441 486 532 537 538 539 571 623 624 653 658
7 130 202 213 216 225 281 330
8 9 165 241 262 309 368 426 525
11 45 124 299 364 427 434 437 550 567 579 589
13 43 116 123 144 186 191 239 325 340 354 359 453 480
28 16 96 100 103 108 135 231 244 262 277 296 377 399 402 416 425 452 464 471 479 499 563 570 572 574 658 662 670
2 270 674
3 2 127 207
4 155 171 367 455
18 65 91 96 108 115 135 162 172 200 202 215 267 369 488 489 508 596 600
16 92 128 129 150 208 281 323 332 343 430 529 534 589 647 664 672
17 33 83 110 137 141 168 224 248 266 281 320 362 434 471 509 543 640
1 229
2 118 457
12 24 78 169 188 255 334 351 436 521 554 579 641
21 20 22 39 66 139 236 259 264 278 301 341 359 407 488 533 536 565 584 609 650 658
10 88 193 211 239 256 310 536 567 615 632
20 3 6 40 77 153 174 185 329 334 406 439 473 541 546 554 639 640 643 657 663
17 94 170 195 221 342 372 373 429 446 463 532 543 562 585 598 623 668
0
12 6 82 97 177 204 244 316 317 463 485 552 593
9 41 56 67 127 240 325 368 444 570
11 77 104 138 245 246 403 406 441 518 663 677
30 72 108 112 146 151 182 194 206 256 262 264 274 282 335 352 370 399 424 427 433 473 531 541 593 611 616 632 639 670 677
17 10 35 182 284 286 311 342 358 444 464 474 498 514 580 594 614 625
0
11 31 75 123 264 267 336 421 521 559 607 624
9 35 98 211 313 418 449 491 496 561
30 2 40 48 85 88 93 119 178 214 234 247 259 273 274 312 334 350 377 391 459 463 470 473 478 533 548 549 551 578 608
10 15 17 187 311 352 400 465 502 584 651
13 11 43 57 78 195 208 231 397 470 498 582 660 669
28 63 110 132 152 182 217 226 231 251 266 268 282 387 395 410 411 432 448 500 509 510 522 525 532 546 605 619 648
6 109 148 296 448 463 496
25 25 26 30 86 95 100 103 125 152 202 251 309 314 316 332 335 411 446 454 480 537 538 583 616 659
7 78 91 174 258 310 521 620
16 32 44 163 168 217 387 462 564 575 601 611 623 624 631 658 670
21 7 21 80 82 136 159 168 211 247 263 368 416 427 469 488 565 569 615 637 659 675
33 5 29 43 74 119 120 136 149 151 160 164 167 173 239 262 287 293 368 414 419 442 444 446 495 530 544 554 574 610 618 644 656 667
27 27 106 128 138 227 232 265 271 281 306 309 311 345 397 398 401 426 454 456 462 515 517 559 610 652 674 675
9 132 258 260 281 336 418 547 635 667
23 14 20 39 50 72 106 126 153 174 176 186 237 295 310 334 344 410 428 475 480 590 626 647
12 47 143 173 233 241 248 400 405 586 593 611 662
14 74 95 112 165 194 257 268 380 385 511 517 594 648 663
23 4 36 68 74 92 96 118 151 211 235 263 332 334 342 372 415 440 463 539 579 651 672 676
11 129 244 266 283 371 380 470 499 537 564 567
6 63 179 381 382 410 464
2 372 558
11 69 123 183 185 191 221 252 355 514 583 600
18 2 11 92 143 158 164 209 260 273 319 384 395 439 514 535 586 605 618
24 61 66 108 141 177 200 204 212 250 256 278 279 364 375 415 479 498 536 562 568 572 577 649 670
10 13 197 206 320 351 420 516 523 531 570
23 10 21 92 104 117 165 210 211 213 239 240 268 323 381 422 431 438 523 570 592 594 632 674
30 20 31 49 78 174 177 200 246 248 263 270 294 297 409 410 421 423 437 463 494 507 527 559 571 578 579 597 629 644 646
31 14 20 39 56 78 116 156 175 182 242 270 326 355 381 404 406 425 445 450 477 509 510 524 558 559 592 595 617 618 653 654
10 26 80 264 362 426 467 498 558 603 651
18 9 24 54 72 90 92 93 111 142 180 189 327 335 429 505 520 575 639
15 40 47 116 143 162 272 278 334 372 495 548 564 623 626 673
5 150 392 470 525 555
1 16
21 46 60 88 104 154 167 187 217 221 260 261 266 381 476 481 507 509 594 662 665 669
6 28 118 218 288 331 664
11 11 21 96 128 161 194 208 307 312 344 483
5 233 271 366 414 585
29 19 33 72 131 156 215 220 235 258 282 290 291 308 315 335 338 344 346 432 436 449 531 539 549 560 570 603 639 645
19 38 40 49 93 121 150 186 203 207 230 242 260 285 362 448 506 509 558 667
28 105 108 138 158 160 205 231 246 249 312 329 331 338 368 395 449 450 457 498 513 517 526 551 563 588 596 608 670
14 60 95 114 173 214 315 364 504 512 579 635 638 647 663
7 149 199 278 281 326 624 632
20 40 66 101 105 114 189 194 248 254 282 294 306 338 349 417 462 483 534 604 606
26 7 40 43 87 103 163 186 227 230 235 249 307 405 436 454 477 496 532 548 550 571 586 610 620 639 656
15 61 85 93 95 97 127 201 215 316 419 444 530 560 589 638
15 114 118 191 246 307 404 408 428 466 476 531 543 572 602 651
21 35 40 90 140 165 208 263 280 283 295 321 326 329 393 419 427 502 545 567 664 665
31 16 26 40 90 99 155 162 251 271 277 329 344 358 367 370 382 386 390 411 426 438 446 449 495 544 550 564 568 610 637 640
26 4 50 60 116 123 132 138 141 218 290 302 308 316 321 337 364 397 412 439 440 449 461 491 589 611 619
7 13 82 257 422 439 515 575
6 179 272 457 557 651 666
3 43 574 656
18 37 38 118 122 162 201 258 279 283 286 388 416 502 507 575 589 626 633
10 11 51 53 208 239 331 342 388 474 579
18 21 23 48 73 117 142 206 277 370 460 478 480 532 541 567 583 585 634
21 10 11 15 67 74 156 202 267 322 352 368 391 397 405 420 452 463 518 549 655 670
6 18 53 441 557 597 627
13 36 135 159 169 174 298 311 372 431 485 532 555 647
5 209 298 402 456 581
9 151 153 278 312 412 415 476 484 653
2 116 247
8 53 55 78 365 443 498 513 618
9 51 205 373 385 410 427 428 497 526
0
13 141 167 198 205 225 314 354 363 439 526 532 565 633
14 31 95 110 121 215 263 353 388 459 484 571 591 614 642
13 12 39 74 116 118 166 220 242 250 372 416 462 484
14 14 33 51 93 107 222 294 314 376 396 404 420 501 582
8 63 247 334 375 402 451 473 639
5 432 445 463 512 644
7 9 207 220 381 406 474 635
7 175 236 330 368 369 410 437
7 36 147 231 291 463 470 560
12 83 113 127 135 155 261 313 399 455 563 581 601
18 13 101 131 153 185 213 252 266 277 382 392 455 476 482 499 527 632 654
20 47 70 223 246 314 316 317 321 331 361 376 408 419 483 512 545 559 606 627 647
13 29 42 49 71 98 243 260 386 490 510 522 527 591
16 44 97 100 105 112 115 168 221 323 377 401 471 546 547 675 676
19 13 44 49 146 162 165 244 267 298 309 396 455 530 574 580 610 638 648 662
17 66 125 176 231 246 310 338 441 442 459 493 499 534 562 598 637 652
10 59 84 103 192 232 250 257 383 397 594
10 14 84 103 218 281 292 445 457 474 523
13 31 125 153 209 212 247 291 303 414 470 579 583 622
18 165 167 184 210 337 354 356 358 363 423 438 475 533 549 551 560 595 641
4 112 162 469 648
17 35 64 185 192 199 218 223 322 344 380 386 389 390 524 535 639 676
25 2 46 48 64 95 111 160 190 245 256 298 319 325 388 399 401 404 422 473 486 533 546 602 641 647
20 28 44 77 135 174 195 289 290 317 366 381 387 487 528 543 565 607 665 668 672
8 11 278 299 311 357 413 419 532
18 11 111 133 134 135 164 236 262 283 370 371 413 469 542 548 565 569 586
27 15 35 79 92 132 141 170 172 213 293 328 329 380 382 394 407 408 433 457 470 490 500 535 552 567 593 628
5 99 440 555 579 615
0
31 28 39 42 56 58 113 128 186 190 202 213 300 342 344 357 381 387 389 412 422 436 520 544 548 555 560 569 572 598 624 664
8 3 83 207 227 323 455 456 483
7 44 88 100 296 389 475 549
5 315 474 496 577 594
8 51 53 233 287 305 498 639 667
17 3 32 34 39 59 86 238 306 337 394 410 458 470 529 535 554 673
13 51 103 117 249 255 347 448 511 556 610 632 651 652
1 55
29 44 56 65 77 121 147 158 180 211 232 266 316 337 351 364 380 387 404 426 434 461 503 506 526 540 581 582 616 617
19 22 70 75 102 117 196 199 272 324 348 400 432 436 453 518 552 595 629 645
13 5 192 217 306 367 441 513 538 566 567 581 612 664
26 33 59 111 114 135 152 159 175 186 251 281 334 341 397 417 465 482 496 518 526 531 559 577 594 637 643
18 26 67 106 129 180 319 335 377 417 449 475 492 494 510 515 537 578 581
11 116 346 384 385 402 479 553 558 603 617 664
27 33 109 112 123 161 177 192 198 219 244 263 277 322 325 347 363 370 396 450 455 478 503 559 598 632 635 639
2 402 533
1 309
7 25 87 369 432 462 473 653
8 85 413 415 474 597 601 644 650
26 75 116 137 192 201 210 223 227 249 285 336 352 379 394 400 407 410 416 517 521 533 538 544 554 576 609
16 9 67 81 82 139 165 179 183 249 284 371 376 528 538 626 650
20 4 54 58 64 69 95 96 99 113 226 247 277 303 342 483 504 515 563 591 656
19 28 73 98 111 125 133 187 209 230 269 319 342 456 491 518 521 614 619 626
14 5 74 83 109 168 216 263 284 375 524 558 582 590 642
7 1 233 281 560 581 634 648
5 151 428 462 486 540
6 19 168 179 203 352 385
13 33 160 220 290 342 386 412 414 432 546 606 617 640
5 51 359 397 442 617
36 16 25 57 64 72 83 106 111 129 155 162 181 201 209 220 236 244 275 291 295 330 352 401 409 425 430 456 480 491 519 561 574 606 615 632 633
3 76 79 666
14 57 85 173 220 319 358 414 432 448 574 590 596 634 641
18 24 75 96 122 137 168 218 326 385 452 466 491 498 506 513 520 608 638
16 60 195 227 282 319 324 325 331 416 424 442 521 531 538 576 583
11 67 305 369 420 448 557 625 637 643 645 659
9 173 184 235 375 419 566 571 605 651
15 28 73 92 145 332 376 404 454 471 534 545 562 588 599 672
29 40 44 50 68 124 147 163 187 213 237 293 301 330 343 372 374 416 422 426 454 457 465 506 516 530 560 586 593 637
22 5 18 143 145 168 179 188 226 236 239 298 300 302 355 372 412 464 502 541 549 572 629
5 67 350 392 444 640
13 64 78 82 129 130 142 167 237 272 355 449 511 574
34 3 15 21 28 53 75 103 106 142 143 207 248 261 262 266 277 293 321 364 389 408 415 425 437 464 465 475 497 519 591 604 617 634 676
14 72 162 237 254 349 373 377 398 468 533 540 542 559 641
8 20 27 112 284 326 429 526 665
3 8 123 294
10 86 103 219 264 353 462 574 619 628 651
18 52 159 163 184 282 299 334 375 422 460 469 479 550 570 626 652 656 662
3 34 464 662
28 27 31 42 97 99 145 155 176 185 235 238 251 319 340 352 355 405 422 490 534 539 550 560 585 618 622 639 667
14 18 32 78 192 242 311 347 407 510 520 543 559 609 617
18 11 27 30 32 44 114 132 165 201 202 208 269 339 364 434 439 459 666
22 28 42 59 72 99 204 231 252 275 302 312 320 354 458 472 473 525 533 580 593 646 654
26 30 52 54 126 133 139 152 157 164 166 221 245 263 268 274 328 371 444 563 565 582 587 592 598 636 651
19 79 92 93 111 121 180 315 344 365 443 519 562 575 599 604 636 646 647 677
14 4 16 26 88 90 214 245 291 319 338 456 465 523 606
26 65 83 110 135 143 149 154 175 180 190 194 216 307 367 386 392 460 461 464 542 547 567 579 583 597 626
0
17 11 48 55 64 113 117 146 149 227 262 383 496 503 512 523 557 628
34 46 75 101 122 133 149 155 156 176 191 212 214 237 248 260 273 311 325 406 434 438 473 492 503 510 517 543 551 557 624 649 654 655 658
5 349 363 375 509 530
5 53 54 86 131 138
6 37 153 226 268 333 443
4 31 59 117 397
14 1 28 46 82 96 105 169 221 347 404 424 426 566 634
24 9 20 119 142 187 199 284 312 337 379 398 435 445 447 483 517 549 566 591 624 648 659 663 674
20 15 23 42 65 86 103 115 157 174 203 209 285 327 345 367 399 440 489 539 659
19 2 111 114 120 216 232 233 293 312 329 330 407 478 491 575 580 605 654 656
15 1 78 122 173 197 225 325 350 362 385 410 421 429 433 610
26 16 45 97 112 213 222 229 262 291 349 357 439 445 454 455 459 462 502 527 560 588 590 606 636 654 674
7 129 206 252 323 385 508 556
33 6 26 38 50 54 57 86 105 110 114 125 149 210 217 218 258 271 312 318 334 336 383 398 414 415 433 459 469 502 571 598 646 659
21 33 74 95 132 136 145 151 166 182 273 325 351 420 449 536 583 596 599 609 622 642
24 9 36 56 80 93 97 126 127 234 247 260 262 327 340 353 366 367 416 430 455 595 602 632 673
6 188 249 289 364 605 654
6 52 63 274 369 422 478
16 2 13 72 101 163 171 400 435 466 478 560 590 626 632 647 672
6 150 221 287 381 621 628
22 4 14 77 78 97 98 137 191 228 243 271 351 380 427 435 525 562 583 591 626 638 676
2 145 310
28 13 14 16 69 86 105 121 150 193 196 204 205 217 227 230 254 301 307 391 392 485 520 541 590 606 607 608 625
27 145 147 154 193 227 241 275 294 295 305 315 320 331 355 374 438 448 455 477 479 519 523 532 541 557 561 615
14 25 74 79 103 106 132 185 196 327 533 583 629 644 651
2 213 425
25 20 48 52 63 81 155 158 159 166 233 322 359 369 442 467 473 491 504 507 576 593 594 609 614 636
7 28 160 411 438 494 525 551
13 47 63 64 111 114 182 240 343 351 370 551 577 590
11 26 47 77 159 218 237 269 359 367 585 641
4 232 404 406 583
6 73 78 168 270 365 566
13 25 36 110 148 267 426 518 519 528 557 566 634 646
22 68 72 101 124 170 174 189 198 233 236 264 269 337 351 396 403 458 532 606 622 639 652
13 2 4 115 155 305 313 482 546 563 572 586 617 649
17 39 68 163 170 357 361 427 458 472 483 499 508 532 568 594 613 654
19 58 96 126 171 231 238 246 268 351 359 380 429 441 514 528 590 599 616 619
7 45 102 188 314 461 544 669
10 28 162 209 224 245 269 316 457 496 628
6 157 227 272 379 581 669
6 23 67 77 229 450 666
35 44 51 58 82 96 104 114 125 127 128 141 149 155 162 192 198 206 210 229 256 273 302 307 412 452 493 518 531 563 614 622 624 628 651 657
6 71 369 406 419 421 464
7 44 285 495 516 542 652 666
11 36 134 149 184 190 334 430 439 458 469 551
20 46 49 57 79 86 119 123 243 307 332 369 385 411 429 474 513 552 557 592 627
20 9 91 96 132 152 204 208 209 223 226 227 270 292 317 323 412 471 472 521 651
7 15 96 175 223 340 547 627
8 48 103 134 179 400 401 450 549
5 44 160 391 394 645
14 5 28 32 48 124 209 216 347 407 436 557 558 622 646
30 15 22 28 41 107 134 141 143 152 164 174 180 182 196 213 287 325 355 419 465 480 535 540 552 565 609 614 649 657 658
3 49 72 213
19 21 24 45 61 86 100 169 227 230 245 344 356 362 363 387 429 535 624 646
7 145 350 423 451 485 534 578
14 14 15 41 80 83 155 160 178 245 310 494 584 652 657
24 30 32 80 82 87 94 99 109 113 152 177 207 223 273 276 292 310 347 373 503 509 524 560 619
21 55 66 85 132 229 241 286 308 326 369 374 413 423 459 493 501 508 536 618 620 638
0
6 122 171 368 372 457 460
9 127 241 245 263 277 344 563 564 644
3 393 422 548
24 42 46 84 122 161 175 182 231 320 338 342 343 383 409 429 433 452 456 476 477 501 513 580 606
11 5 67 88 110 170 268 337 363 387 488 598
0
13 16 19 21 35 261 331 398 417 555 565 616 617 665
4 10 334 494 580
3 406 526 628
11 61 102 130 255 481 528 543 550 578 599 631
20 22 59 71 83 122 206 244 302 319 354 357 402 405 406 474 505 539 581 615 622
12 11 101 130 177 246 248 279 315 335 351 555 648
8 4 22 106 143 466 528 594 642
16 6 9 39 82 152 189 233 327 378 383 443 514 591 624 666 671
18 36 57 59 66 131 250 270 282 301 414 424 445 459 530 577 614 646 677
9 66 123 148 247 349 413 558 597 669
22 21 51 71 75 190 216 226 284 328 379 383 393 418 430 439 453 461 508 535 615 651 672
17 23 46 52 77 110 119 136 167 221 275 329 380 571 622 653 668 670
29 11 13 22 67 102 145 163 197 208 228 255 275 314 321 342 352 364 366 376 377 400 427 476 519 521 555 593 603 672
16 50 125 161 170 227 259 418 434 465 478 488 547 565 595 643 664
0
22 11 56 123 157 243 274 309 362 363 378 416 422 481 492 521 525 551 591 597 606 655 656
8 67 123 180 384 428 515 517 584
17 2 19 42 77 119 205 215 255 293 324 414 444 501 519 533 548 572
27 7 34 41 49 60 74 83 90 91 105 123 124 148 282 322 325 349 397 423 463 464 466 499 512 555 608 624
2 226 555
18 16 49 67 88 94 99 132 134 144 257 268 473 500 576 579 603 661 665
11 28 89 145 327 347 376 459 467 563 575 579
6 52 85 105 156 489 625
6 23 233 273 365 376 644
18 140 176 202 339 349 366 372 373 416 425 473 516 532 550 628 651 653 654
13 68 97 103 107 200 216 264 276 282 470 537 557 607
7 53 67 183 245 435 530 654
9 44 130 345 412 418 431 449 559 608
8 105 177 198 370 374 436 512 551
22 20 75 85 129 134 153 156 182 280 288 311 368 386 392 405 420 425 433 556 581 586 629
25 12 25 31 52 54 56 155 215 241 244 257 259 274 316 370 400 452 513 515 573 582 616 623 637 668
15 47 61 130 141 153 181 196 258 268 308 378 402 587 628 638
25 9 26 72 92 94 136 138 160 220 243 273 301 325 344 365 374 445 456 465 531 569 590 602 606 673
17 26 42 127 156 170 207 208 294 327 369 379 428 441 478 515 586 659
6 26 143 271 488 585 597
21 74 166 167 201 220 241 250 333 334 387 455 462 478 485 489 533 558 600 638 655 677
1 365
13 19 92 122 173 180 206 256 295 519 656 659 663 669
18 26 53 83 157 169 178 198 203 286 296 352 472 508 578 582 617 646 668
0
1 29
4 26 132 158 551
16 12 30 41 105 170 217 236 276 305 329 419 496 499 530 550 594
22 40 115 122 136 180 209 226 256 277 281 308 381 401 441 456 475 483 517 535 652 663 665
24 10 16 20 33 106 141 144 171 279 327 403 446 460 465 476 506 545 553 557 608 616 645 663 670
21 14 20 73 98 130 193 201 243 250 281 282 289 318 330 340 381 512 572 589 601 615
4 8 53 138 142
18 47 64 165 183 212 221 261 273 279 289 326 330 343 406 523 533 588 671
3 394 431 603
12 12 41 105 114 121 192 351 379 402 487 613 637
24 80 103 140 146 162 259 279 299 323 327 351 380 382 383 406 418 427 459 487 531 545 565 571 580
13 33 54 58 89 170 201 274 487 503 550 551 591 653
9 59 120 384 401 406 444 529 557 673
2 149 364
0
10 45 53 213 411 420 441 449 534 623 657
6 131 166 303 461 639 649
27 38 42 66 122 181 227 260 277 297 304 312 320 365 395 403 413 479 489 502 508 516 523 560 563 622 654 656
2 117 242
23 4 28 40 60 71 116 132 157 161 238 267 418 420 437 441 469 487 503 546 557 561 643 647
19 49 157 162 205 311 358 370 385 434 445 488 491 527 561 579 597 608 631 662
29 18 39 44 70 87 108 129 133 156 177 178 182 255 278 315 323 340 341 414 457 489 490 498 515 538 583 634 636 663
16 82 95 99 125 198 220 250 260 356 359 490 505 514 549 561 613
17 50 115 159 171 178 289 305 349 364 401 435 438 472 526 534 586 620
27 22 25 71 101 109 175 180 191 217 314 315 341 343 351 358 359 377 402 434 453 468 491 509 615 621 634 674
19 86 120 183 209 210 257 281 366 394 408 421 502 504 510 531 556 569 637 652
21 11 15 90 149 168 170 171 233 279 309 314 345 385 391 421 443 465 537 544 598 633
1 42
21 7 53 94 100 128 131 148 241 246 296 377 387 401 473 491 520 546 561 620 628 652
11 10 18 30 78 87 145 287 301 360 397 402
0
25 9 66 73 74 75 91 112 156 225 237 326 339 341 375 435 451 488 496 520 590 599 603 605 665 674
3 198 246 581
26 45 47 51 80 97 102 120 169 172 187 192 219 275 302 322 335 343 371 426 524 530 533 574 599 658 670
18 6 40 86 193 214 267 355 359 440 444 514 523 530 568 602 607 610 627
3 140 281 546
10 37 43 64 132 177 251 299 354 411 627
3 81 297 621
24 13 40 99 108 135 182 210 247 251 259 276 313 318 327 339 419 452 459 486 492 531 553 592 610
20 31 69 100 129 130 151 164 179 233 275 376 383 417 436 442 509 524 623 644 657
16 10 30 31 65 107 142 176 287 298 315 415 416 567 591 609 630
24 114 116 164 170 179 224 227 232 241 253 270 278 286 321 325 404 479 494 521 636 639 643 660 663
4 28 185 532 627
0
11 82 177 189 349 387 415 420 444 581 596 659
1 608
